7.058421037911630780e-01 2.941578962088365889e-01
8.775179707095732695e-01 1.224820292904268693e-01
4.339677441870921637e-01 5.660322558129079473e-01
4.156988388413560553e-01 5.843011611586439447e-01
8.521376114974499316e-01 1.478623885025502904e-01
9.936602211313785848e-02 9.006339778868619472e-01
2.246791737159153368e-01 7.753208262840848297e-01
9.936960313594722649e-02 9.006303968640528845e-01
9.247134985620419911e-01 7.528650143795811989e-02
6.840354534348453974e-01 3.159645465651545471e-01
5.342994292578718829e-01 4.657005707421281171e-01
8.516353363457456194e-01 1.483646636542543529e-01
5.629317976732985951e-01 4.370682023267012939e-01
6.888374418648128827e-01 3.111625581351870062e-01
2.147750647587562400e-02 9.785224935241244593e-01
5.799609968017807038e-01 4.200390031982192407e-01
5.408235629716957177e-02 9.459176437028303797e-01
5.539186354989779071e-01 4.460813645010220374e-01
8.433629721169848548e-01 1.566370278830150342e-01
5.000000000000000000e-01 5.000000000000000000e-01
8.621868678631214866e-01 1.378131321368782636e-01
3.690764999776063870e-01 6.309235000223937240e-01
7.506257596261254328e-01 2.493742403738745395e-01
4.164427456009553441e-01 5.835572543990448224e-01
6.361958918171537469e-01 3.638041081828462531e-01
6.587015802143142418e-02 9.341298419785687424e-01
2.457932448682876303e-01 7.542067551317126473e-01
8.207022838877374715e-01 1.792977161122625840e-01
3.775078232620199814e-01 6.224921767379799631e-01
4.746122860578686486e-01 5.253877139421311293e-01
8.079280127931705024e-01 1.920719872068294143e-01
3.087596589416214954e-01 6.912403410583782826e-01
9.013339710124306237e-01 9.866602898756939022e-02
2.267316727164001566e-01 7.732683272835997323e-01
8.008506615962744934e-01 1.991493384037255621e-01
4.437593400175441904e-01 5.562406599824556430e-01
3.043238759150065920e-01 6.956761240849932415e-01
7.259409106581127258e-01 2.740590893418872187e-01
7.611530840258673436e-01 2.388469159741327674e-01
3.732882780038356274e-01 6.267117219961643171e-01
7.724756828516512464e-01 2.275243171483489202e-01
7.404829763864304581e-01 2.595170236135697084e-01
4.119143181736030224e-01 5.880856818263969776e-01
9.282188861359135235e-01 7.178111386408647654e-02
1.216149647905720721e-01 8.783850352094279001e-01
8.048455336028756957e-01 1.951544663971243876e-01
5.118523471951127446e-01 4.881476528048871444e-01
9.055320286785475403e-01 9.446797132145251519e-02
3.017661666501090800e-01 6.982338333498909755e-01
9.215421010606823504e-01 7.845789893931771897e-02
7.817446128759482082e-01 2.182553871240516530e-01
7.311146142506723677e-01 2.688853857493276323e-01
2.329497774741200733e-01 7.670502225258798434e-01
3.583925295547062961e-01 6.416074704452936484e-01
2.653805309129266821e-01 7.346194690870733179e-01
3.002349319072581402e-01 6.997650680927418598e-01
6.593475960593561114e-01 3.406524039406438886e-01
8.310040184330041990e-01 1.689959815669958287e-01
6.303698983781237386e-01 3.696301016218762614e-01
1.397215948219794612e-01 8.602784051780205665e-01
8.334021473162800397e-01 1.665978526837198770e-01
8.909074508900525213e-01 1.090925491099472844e-01
8.319311090615456594e-01 1.680688909384540075e-01
2.715979378118707488e-01 7.284020621881293067e-01
5.157645366424816746e-01 4.842354633575183254e-01
4.690469726146619944e-01 5.309530273853382276e-01
3.399980514985725955e-01 6.600019485014275711e-01
8.331226587368769643e-01 1.668773412631230635e-01
3.119080622936006852e-01 6.880919377063992037e-01
8.123408224154214929e-01 1.876591775845785071e-01
6.514102864261205328e-01 3.485897135738794117e-01
6.280822194889174037e-01 3.719177805110825963e-01
3.880856725933983647e-02 9.611914327406601011e-01
8.469174544019195672e-01 1.530825455980802108e-01
6.453246065701441214e-01 3.546753934298558786e-01
7.289627521168695612e-01 2.710372478831304943e-01
7.445152828829919578e-01 2.554847171170080422e-01
6.161819276404435497e-01 3.838180723595565613e-01
2.080144226857805478e-01 7.919855773142194799e-01
2.357708677865073821e-01 7.642291322134926457e-01
6.690193981405413437e-01 3.309806018594587673e-01
7.370786449470414503e-01 2.629213550529588272e-01
3.700390980537408558e-01 6.299609019462591997e-01
3.215956277132318020e-01 6.784043722867681980e-01
6.863382920807331589e-01 3.136617079192671187e-01
9.929370459395034376e-02 9.007062954060497395e-01
5.101025898792089786e-01 4.898974101207909659e-01
5.698978548332510607e-01 4.301021451667487727e-01
6.489947977033059257e-01 3.510052022966941299e-01
4.291282758257153884e-01 5.708717241742847781e-01
6.983353114175988585e-01 3.016646885824013635e-01
1.147894983371284261e-01 8.852105016628716294e-01
3.574881822465208470e-01 6.425118177534792085e-01
3.675874392267894364e-01 6.324125607732105081e-01
2.879157259418793635e-01 7.120842740581209140e-01
8.062561254879166972e-01 1.937438745120833028e-01
7.748448279259904092e-01 2.251551720740094242e-01
4.740413452353560153e-01 5.259586547646438737e-01
2.235669016641168849e-01 7.764330983358832539e-01
1.352996345184236948e-01 8.647003654815765827e-01
8.259049331011861783e-01 1.740950668988139050e-01
5.366588712051311161e-01 4.633411287948688284e-01
8.468676437131708035e-01 1.531323562868291410e-01
5.871111854136186192e-01 4.128888145863813808e-01
3.133450937707342732e-01 6.866549062292657268e-01
8.629763734313599111e-01 1.370236265686400057e-01
2.386813230296096766e-01 7.613186769703902401e-01
5.264106075116367078e-01 4.735893924883631811e-01
8.747208469361958394e-02 9.125279153063804438e-01
7.681169160489961234e-01 2.318830839510038211e-01
4.771283076556320779e-01 5.228716923443678111e-01
2.775801765874850724e-01 7.224198234125149831e-01
5.221164014877123227e-01 4.778835985122874552e-01
8.342134952142609139e-01 1.657865047857390861e-01
5.198052210392569705e-01 4.801947789607430850e-01
7.709324618320778644e-01 2.290675381679220801e-01
3.548999158857320535e-01 6.451000841142677800e-01
4.112592762236734201e-01 5.887407237763264689e-01
4.574662240395165336e-01 5.425337759604833554e-01
8.057801995366460635e-02 9.194219800463353520e-01
9.074694618118943623e-01 9.253053818810572095e-02
4.885871155419843626e-01 5.114128844580155819e-01
9.314224380815858684e-01 6.857756191841421489e-02
4.322335292796045669e-01 5.677664707203953220e-01
4.945696525904972329e-01 5.054303474095028781e-01
1.682462437059777660e-01 8.317537562940219287e-01
6.583037989283847535e-01 3.416962010716152465e-01
6.327597420395307815e-01 3.672402579604691075e-01
3.602055046645612491e-01 6.397944953354388620e-01
1.520314314090075447e-01 8.479685685909923443e-01
8.464568215124000927e-01 1.535431784875999073e-01
4.364383624534258765e-01 5.635616375465739569e-01
8.257691285267220183e-01 1.742308714732776487e-01
4.538113823822436110e-01 5.461886176177562779e-01
4.876508877790404206e-01 5.123491122209596904e-01
8.108904002041056325e-01 1.891095997958942843e-01
8.216241583173286012e-01 1.783758416826713711e-01
8.006020059394638455e-01 1.993979940605359880e-01
6.009117636547478547e-01 3.990882363452520898e-01
7.517735715808350205e-01 2.482264284191649517e-01
1.760959357174275985e-01 8.239040642825724570e-01
5.782881022768575352e-02 9.421711897723142881e-01
6.075080764964339020e-01 3.924919235035660980e-01
8.601264106098858164e-01 1.398735893901140448e-01
9.208177498827655461e-01 7.918225011723446782e-02
6.413266588555111003e-01 3.586733411444888442e-01
1.587616956916243771e-01 8.412383043083757617e-01
4.060859647509570403e-01 5.939140352490428487e-01
6.872616408965606105e-01 3.127383591034392785e-01
6.397245222603076265e-01 3.602754777396923735e-01
4.658750949970916211e-01 5.341249050029082124e-01
3.189113225355049153e-01 6.810886774644949737e-01
8.605259517834088490e-01 1.394740482165909568e-01
7.027017134534760956e-01 2.972982865465240709e-01
6.805794964004485692e-01 3.194205035995516528e-01
5.000000000000000000e-01 5.000000000000000000e-01
5.330487313640038805e-01 4.669512686359961751e-01
1.523548371733915163e-01 8.476451628266084004e-01
4.376804837479768562e-01 5.623195162520230328e-01
4.630804339407283976e-01 5.369195660592714914e-01
2.363245790691017034e-01 7.636754209308982411e-01
2.029686908434751580e-01 7.970313091565248698e-01
7.496334714824399725e-01 2.503665285175598609e-01
6.717221541858462430e-01 3.282778458141539235e-01
8.833434379161207994e-01 1.166565620838791034e-01
7.696772802739665353e-01 2.303227197260334091e-01
9.172154499905819103e-01 8.278455000941800646e-02
2.062581061045325459e-01 7.937418938954675651e-01
8.739086436903493738e-01 1.260913563096506540e-01
1.934138173277701045e-01 8.065861826722297012e-01
7.885667365483529645e-01 2.114332634516469245e-01
8.742850396207784147e-01 1.257149603792215575e-01
4.564321588764150284e-01 5.435678411235849161e-01
5.325878101646824847e-01 4.674121898353174043e-01
2.740508698142960498e-01 7.259491301857039502e-01
5.595724508842790934e-01 4.404275491157209066e-01
3.631824326889775412e-01 6.368175673110225699e-01
2.274901939870445366e-01 7.725098060129557132e-01
4.091394320615421853e-01 5.908605679384577591e-01
6.081741393227743098e-01 3.918258606772256347e-01
1.595578939690003584e-01 8.404421060309996694e-01
8.816276673008724973e-01 1.183723326991275859e-01
5.313093546520635257e-01 4.686906453479365298e-01
6.253715431081452447e-01 3.746284568918546998e-01
2.494593222323121529e-01 7.505406777676878471e-01
3.492326111314066894e-01 6.507673888685930885e-01
7.376958856972226641e-01 2.623041143027773914e-01
3.364021238282000614e-01 6.635978761718001051e-01
6.260611932572907046e-01 3.739388067427095175e-01
8.262836455353934628e-01 1.737163544646064262e-01
5.961724163807394783e-01 4.038275836192603552e-01
2.716055354840445357e-01 7.283944645159553533e-01
1.014352375753622137e-01 8.985647624246378973e-01
7.297377219823779626e-01 2.702622780176222039e-01
7.742896980088695980e-01 2.257103019911303743e-01
3.439727026362881523e-01 6.560272973637117921e-01
7.657757781466187907e-01 2.342242218533812925e-01
1.278890930176508345e-01 8.721109069823491655e-01
3.788584535484457172e-01 6.211415464515542828e-01
1.742286471200888975e-01 8.257713528799112135e-01
3.496909488487304762e-01 6.503090511512694682e-01
6.991968839214429687e-01 3.008031160785569202e-01
1.262528962862999315e-01 8.737471037137001240e-01
2.581471178124005172e-01 7.418528821875995938e-01
7.136528167278326507e-01 2.863471832721672938e-01
4.767522279531316021e-01 5.232477720468685645e-01
5.971544057858707566e-01 4.028455942141292434e-01
7.708873148332638925e-01 2.291126851667359410e-01
5.826207474809138587e-01 4.173792525190861968e-01
8.601980989323182447e-01 1.398019010676817553e-01
7.134078432377545520e-02 9.286592156762245587e-01
5.462822871997373708e-01 4.537177128002627402e-01
7.896450618841992508e-01 2.103549381158005271e-01
7.713088128893452744e-01 2.286911871106549476e-01
1.824776753030213916e-01 8.175223246969786084e-01
5.544282286775407131e-01 4.455717713224592313e-01
2.959909139545353618e-01 7.040090860454645272e-01
6.840621174464411869e-01 3.159378825535586466e-01
8.160081888012710172e-01 1.839918111987289273e-01
8.847075071880029506e-01 1.152924928119972436e-01
8.344581440108614911e-01 1.655418559891385644e-01
6.091772197576726944e-01 3.908227802423273056e-01
9.126230469305530724e-01 8.737695306944683049e-02
8.974016835248489476e-01 1.025983164751510385e-01
6.327170948049638532e-01 3.672829051950362023e-01
2.066272950121695318e-01 7.933727049878304127e-01
5.432513347121241676e-01 4.567486652878757769e-01
4.924271879423974818e-01 5.075728120576025182e-01
4.482159318546818372e-01 5.517840681453181073e-01
2.490994772227496934e-01 7.509005227772501678e-01
7.128738134907204316e-01 2.871261865092795684e-01
7.926520191764575562e-01 2.073479808235426380e-01
7.646836647005276211e-01 2.353163352994722679e-01
4.206672318323850801e-01 5.793327681676149199e-01
2.553981908042517457e-01 7.446018091957482543e-01
6.473100115455131531e-01 3.526899884544866803e-01
5.497105799677878268e-01 4.502894200322121732e-01
9.547526552822864776e-01 4.524734471771352934e-02
7.418598587347592366e-01 2.581401412652407079e-01
5.983518497959274818e-01 4.016481502040724627e-01
8.127613100489859965e-01 1.872386899510140312e-01
8.792993923787691957e-01 1.207006076212308737e-01
2.039530322324371592e-01 7.960469677675626743e-01
5.937084194587949337e-01 4.062915805412050108e-01
3.678783318195361640e-01 6.321216681804636695e-01
7.454780551607610439e-01 2.545219448392389561e-01
4.775143119258946078e-01 5.224856880741053367e-01
3.318159712782320359e-01 6.681840287217680752e-01
5.163291617820818802e-01 4.836708382179181753e-01
3.749926469939374174e-01 6.250073530060625826e-01
6.365287075667237504e-01 3.634712924332762496e-01
4.031015164063904144e-01 5.968984835936097522e-01
8.303751845151420286e-01 1.696248154848579714e-01
6.125898770198712207e-01 3.874101229801288349e-01
8.801027577173241578e-01 1.198972422826756340e-01
2.094490753459927468e-01 7.905509246540072255e-01
1.374208018201041048e-01 8.625791981798958119e-01
5.903630508749626582e-01 4.096369491250373973e-01
1.745671908523507565e-01 8.254328091476490492e-01
7.907264940999549907e-01 2.092735059000449538e-01
7.909558697197873744e-01 2.090441302802127088e-01
8.134466537173575817e-01 1.865533462826424183e-01
7.924730066039336052e-01 2.075269933960664781e-01
4.139371447507121382e-01 5.860628552492879173e-01
6.578890137873482091e-01 3.421109862126517909e-01
7.743208913203325494e-01 2.256791086796675061e-01
7.089865141316318287e-01 2.910134858683682268e-01
7.987212564675849613e-01 2.012787435324149832e-01
7.837222377592760747e-01 2.162777622407238975e-01
6.288594034349138662e-01 3.711405965650860783e-01
8.511550505600529171e-01 1.488449494399467776e-01
8.122324768398874184e-01 1.877675231601126926e-01
6.616802925407554437e-01 3.383197074592446119e-01
5.524409014266253859e-01 4.475590985733746141e-01
8.040755238434386110e-01 1.959244761565613335e-01
2.941308188215823738e-01 7.058691811784174597e-01
7.136070112657225684e-01 2.863929887342775427e-01
2.388378874168456678e-01 7.611621125831544710e-01
3.551800621289933901e-01 6.448199378710066654e-01
8.839998502704874417e-01 1.160001497295126277e-01
4.935276729429445286e-01 5.064723270570555824e-01
4.884140182757065740e-01 5.115859817242934815e-01
7.662392260134168742e-01 2.337607739865830425e-01
6.904854488880769470e-01 3.095145511119228310e-01
8.434256897911316386e-01 1.565743102088684169e-01
8.033475268433528660e-01 1.966524731566471340e-01
5.328250166644662444e-01 4.671749833355337556e-01
8.777819242025713953e-01 1.222180757974287713e-01
2.394078299100089180e-01 7.605921700899912485e-01
5.000000000000000000e-01 5.000000000000000000e-01
9.123348569728125801e-01 8.766514302718762808e-02
7.452805720292841052e-01 2.547194279707157838e-01
1.072223254673836113e-01 8.927776745326162500e-01
3.947430326158478664e-01 6.052569673841520226e-01
8.576603472748097756e-01 1.423396527251902244e-01
5.142199029541911770e-01 4.857800970458088230e-01
9.513815583223785843e-01 4.861844167762136709e-02
3.563113619931549403e-01 6.436886380068451707e-01
5.250093090080997227e-01 4.749906909919003328e-01
6.701395584676156369e-01 3.298604415323843631e-01
7.747268216674696450e-01 2.252731783325301884e-01
8.265854610844071138e-01 1.734145389155929418e-01
6.366936275970296322e-01 3.633063724029703678e-01
8.064616028479649756e-01 1.935383971520349133e-01
1.057159404291242305e-01 8.942840595708757556e-01
1.654588330586088396e-01 8.345411669413911326e-01
8.073751786700219535e-01 1.926248213299782408e-01
3.191270644821213032e-01 6.808729355178785303e-01
3.557318114717215041e-01 6.442681885282784959e-01
7.905281540851855082e-01 2.094718459148146306e-01
7.751927237901738987e-01 2.248072762098260180e-01
7.331871130234772771e-01 2.668128869765226119e-01
8.184584769020545325e-01 1.815415230979453842e-01
4.605967742104811191e-01 5.394032257895188254e-01
7.552677755218115685e-01 2.447322244781883760e-01
3.065265511307801449e-01 6.934734488692199106e-01
1.570859152787409951e-01 8.429140847212589494e-01
5.000000000000000000e-01 5.000000000000000000e-01
1.674785499639310504e-01 8.325214500360686998e-01
5.157393461873654994e-01 4.842606538126346116e-01
7.022207405830690474e-01 2.977792594169308416e-01
5.538820567627850133e-01 4.461179432372150422e-01
9.939111650950116505e-02 9.006088834904987239e-01
6.472246039259198502e-01 3.527753960740801498e-01
5.954886007703195094e-01 4.045113992296804906e-01
7.994125524392931004e-01 2.005874475607069274e-01
7.020491510225893572e-01 2.979508489774105318e-01
4.065091016066675333e-01 5.934908983933324667e-01
7.607814609375525006e-01 2.392185390624471664e-01
8.882796808775323960e-01 1.117203191224676179e-01
8.053097093656177430e-01 1.946902906343822848e-01
7.632283622547504365e-01 2.367716377452497301e-01
7.504880714342978543e-01 2.495119285657020347e-01
6.638025262122612125e-01 3.361974737877386765e-01
3.506036003617588603e-01 6.493963996382412507e-01
5.835865787720195819e-02 9.416413421227980418e-01
9.034820038912361184e-01 9.651799610876411750e-02
5.734168458482246100e-01 4.265831541517755010e-01
3.082181603867139574e-01 6.917818396132858760e-01
7.596011124583539331e-01 2.403988875416461501e-01
5.849763092697293221e-01 4.150236907302707889e-01
8.449601976304074169e-01 1.550398023695926386e-01
1.831877167294648501e-01 8.168122832705350111e-01
2.357992900865726882e-01 7.642007099134272563e-01
2.060945058253183249e-01 7.939054941746815919e-01
1.863296812575815087e-01 8.136703187424182415e-01
4.231089211969940034e-01 5.768910788030059411e-01
6.461438592148051052e-01 3.538561407851948948e-01
2.474550249400512270e-01 7.525449750599488841e-01
1.310703419458455199e-01 8.689296580541544524e-01
4.853219336955534313e-01 5.146780663044465687e-01
5.149077755231081799e-01 4.850922244768917091e-01
5.961218678496010837e-01 4.038781321503988053e-01
3.343405833395151072e-01 6.656594166604851148e-01
1.134478313914345782e-01 8.865521686085654496e-01
6.239395178349117499e-01 3.760604821650882501e-01
3.204675432548307890e-01 6.795324567451689335e-01
7.431966555302341737e-01 2.568033444697658818e-01
1.804315515058457497e-01 8.195684484941545556e-01
1.639498102472645991e-02 9.836050189752737483e-01
3.798488611272917148e-01 6.201511388727082297e-01
7.448644516909557201e-01 2.551355483090441689e-01
7.172861675277275584e-01 2.827138324722726637e-01
7.996927377502747181e-01 2.003072622497251709e-01
5.936585823919285909e-01 4.063414176080714646e-01
8.269716815301190183e-01 1.730283184698808707e-01
4.117803430773423479e-01 5.882196569226576521e-01
8.369492494044961095e-02 9.163050750595502780e-01
1.393567262084636493e-01 8.606432737915364894e-01
8.959699812150611065e-01 1.040300187849389629e-01
3.781002435828500485e-01 6.218997564171498960e-01
6.210106283039610320e-01 3.789893716960388015e-01
7.364011604339331107e-01 2.635988395660671668e-01
5.428911313684615658e-01 4.571088686315384897e-01
5.438419211720102453e-01 4.561580788279896437e-01
6.429102365672775266e-01 3.570897634327224734e-01
8.426869306407179516e-02 9.157313069359283020e-01
3.547232875146821285e-01 6.452767124853180380e-01
7.482900019823274240e-01 2.517099980176724650e-01
6.968852289047561266e-01 3.031147710952439289e-01
7.587262223968920249e-01 2.412737776031080028e-01
7.872657731575614104e-01 2.127342268424385341e-01
7.986136977919146007e-01 2.013863022080855658e-01
7.336211619786235927e-01 2.663788380213764628e-01
7.633544951352456698e-01 2.366455048647543857e-01
4.215202187816012858e-01 5.784797812183988253e-01
8.697966539788146711e-01 1.302033460211855509e-01
2.026077963289010520e-01 7.973922036710989758e-01
3.067430755862177172e-01 6.932569244137821718e-01
8.597381260094235644e-01 1.402618739905763245e-01
1.270594887136910489e-01 8.729405112863088956e-01
9.381649628755557302e-01 6.183503712444430450e-02
3.543114278731429589e-01 6.456885721268571521e-01
4.341058838697264277e-01 5.658941161302736278e-01
1.547472153994707000e-01 8.452527846005291057e-01
8.155153637561678437e-01 1.844846362438320453e-01
6.551533262997983886e-01 3.448466737002015559e-01
4.728995367147943441e-01 5.271004632852056559e-01
4.676980614037585804e-01 5.323019385962414196e-01
7.189952603460819658e-01 2.810047396539179787e-01
7.474009219915925817e-01 2.525990780084073628e-01
2.657140291685803346e-01 7.342859708314197764e-01
3.728436910033929297e-01 6.271563089966069038e-01
9.384645078336912860e-01 6.153549216630872787e-02
3.024798565049420240e-01 6.975201434950577539e-01
7.728676874148248110e-01 2.271323125851754388e-01
2.873770694981206963e-01 7.126229305018791926e-01
8.695496638341924101e-01 1.304503361658075344e-01
7.930359100822905738e-01 2.069640899177094540e-01
1.192886781036832100e-01 8.807113218963168455e-01
5.364856174206847905e-01 4.635143825793153760e-01
3.168863105648605516e-01 6.831136894351396149e-01
6.046633083524346475e-01 3.953366916475654080e-01
8.111772903360466858e-01 1.888227096639533420e-01
2.034738360184281947e-01 7.965261639815716110e-01
8.783270709833196355e-01 1.216729290166805172e-01
3.053586623118162424e-01 6.946413376881839241e-01
4.332865706729123745e-01 5.667134293270875700e-01
1.689572594373079106e-01 8.310427405626922281e-01
6.871794022738233476e-01 3.128205977261766524e-01
7.025172016254982443e-01 2.974827983745018112e-01
8.582055899357917683e-01 1.417944100642083982e-01
6.220484975312833287e-01 3.779515024687166158e-01
6.316248697818118707e-01 3.683751302181882403e-01
7.015885341051451007e-01 2.984114658948551213e-01
5.899291611887053088e-01 4.100708388112946912e-01
7.790877630481535254e-01 2.209122369518463358e-01
8.764500483774491091e-01 1.235499516225508077e-01
7.665530096552409800e-01 2.334469903447587980e-01
9.474749467622683996e-01 5.252505323773160040e-02
8.122868314324112049e-01 1.877131685675890449e-01
7.470308527925457742e-01 2.529691472074539482e-01
4.027402919350548394e-01 5.972597080649451051e-01
4.452042881639852734e-01 5.547957118360148376e-01
8.186414750362278614e-01 1.813585249637721386e-01
7.706940711856901105e-01 2.293059288143100283e-01
4.837780233064660762e-01 5.162219766935338683e-01
3.216043895855222323e-01 6.783956104144777122e-01
5.000000000000000000e-01 5.000000000000000000e-01
8.209897678507521723e-01 1.790102321492477444e-01
7.535355476810265962e-01 2.464644523189735426e-01
7.167645799499525738e-01 2.832354200500473151e-01
6.616454490093195417e-01 3.383545509906805138e-01
8.162633054063485050e-01 1.837366945936515505e-01
3.772636832700868581e-01 6.227363167299130309e-01
5.861098175371801666e-01 4.138901824628196113e-01
7.008929757744636335e-01 2.991070242255363665e-01
3.401061413389858679e-01 6.598938586610142432e-01
8.706167979508867560e-01 1.293832020491132162e-01
7.593784198880644265e-01 2.406215801119354902e-01
5.904432433137833947e-01 4.095567566862164388e-01
5.344262618449505675e-01 4.655737381550493215e-01
8.151386572223379146e-01 1.848613427776621410e-01
8.899859021248029967e-01 1.100140978751969895e-01
4.161149685560694422e-01 5.838850314439305578e-01
7.233179617932620209e-01 2.766820382067379236e-01
2.435114675179343990e-01 7.564885324820654899e-01
7.909928667982083494e-01 2.090071332017917616e-01
7.162495938921583649e-01 2.837504061078413575e-01
1.193624269118914449e-01 8.806375730881085273e-01
7.339221875016185281e-01 2.660778124983815274e-01
6.680045908453516867e-01 3.319954091546482577e-01
4.777709696214917923e-01 5.222290303785083188e-01
2.197471792470790941e-01 7.802528207529210169e-01
3.878795454414021848e-01 6.121204545585978707e-01
2.350859043423663142e-01 7.649140956576337969e-01
6.670487020512446685e-01 3.329512979487552760e-01
6.699199619300637565e-01 3.300800380699361880e-01
7.248570942059157085e-01 2.751429057940843470e-01
8.634939068781162241e-01 1.365060931218836926e-01
6.984166523965581463e-01 3.015833476034415761e-01
5.752059726343727863e-01 4.247940273656271026e-01
5.527016490976605079e-01 4.472983509023395476e-01
1.785638210654100222e-01 8.214361789345899778e-01
7.032615530776004098e-01 2.967384469223995902e-01
1.002925643651030735e-01 8.997074356348970792e-01
5.851376240993014788e-01 4.148623759006985212e-01
8.964070380905456714e-01 1.035929619094542037e-01
5.302912616648458588e-01 4.697087383351541412e-01
7.625463352582435572e-01 2.374536647417562762e-01
3.402535574676865404e-01 6.597464425323136261e-01
7.996991426358333044e-01 2.003008573641667511e-01
5.820261170859208910e-01 4.179738829140789980e-01
6.495315506527059579e-01 3.504684493472940976e-01
4.377008109712152706e-01 5.622991890287847294e-01
6.161780677723998068e-01 3.838219322275999712e-01
7.487243313208190587e-01 2.512756686791809413e-01
5.187315925012526696e-01 4.812684074987474969e-01
5.535115199425134636e-01 4.464884800574866475e-01
6.988963174026859848e-01 3.011036825973141262e-01
7.280616493257936472e-01 2.719383506742064083e-01
3.913454174024145193e-01 6.086545825975854251e-01
4.179168125527105704e-01 5.820831874472893741e-01
8.146061548701286625e-01 1.853938451298714762e-01
1.335541393671847710e-01 8.664458606328150347e-01
8.268656258923929858e-01 1.731343741076067644e-01
7.649807581758922836e-01 2.350192418241075221e-01
9.498345326660868615e-01 5.016546733391312463e-02
8.095668145377867830e-01 1.904331854622134668e-01
7.158268788224634305e-01 2.841731211775366805e-01
3.391162111377495902e-01 6.608837888622506318e-01
6.614235077898829029e-01 3.385764922101169860e-01
7.914378110410053013e-01 2.085621889589946987e-01
6.698398667956982910e-01 3.301601332043017090e-01
3.048070253280577013e-02 9.695192974671943409e-01
8.676946436211805391e-01 1.323053563788194331e-01
5.681889599580457473e-01 4.318110400419540307e-01
7.348195356276326917e-01 2.651804643723672528e-01
8.710256845640288459e-01 1.289743154359712374e-01
6.909362429348486767e-01 3.090637570651513788e-01
4.495798941800931980e-01 5.504201058199069685e-01
2.573782465116769003e-01 7.426217534883230442e-01
8.007021509731651054e-01 1.992978490268351444e-01
7.854720587438100976e-01 2.145279412561900134e-01
3.138534071382936830e-01 6.861465928617062060e-01
6.405618924304594675e-01 3.594381075695403660e-01
5.457570131235622846e-01 4.542429868764377154e-01
9.242978134236770060e-01 7.570218657632284132e-02
5.466106559076321370e-01 4.533893440923678075e-01
2.580307274788622984e-01 7.419692725211377571e-01
8.541045624673297976e-01 1.458954375326703412e-01
1.993540007621944776e-01 8.006459992378057722e-01
6.625690781942863428e-01 3.374309218057137127e-01
3.373280017837408384e-01 6.626719982162591061e-01
4.297799843209045290e-01 5.702200156790953045e-01
4.493942938362243678e-01 5.506057061637756878e-01
3.059058429021616066e-01 6.940941570978385045e-01
4.021750566649830994e-01 5.978249433350169006e-01
6.315854243836344084e-02 9.368414575616366147e-01
7.112497716243797452e-01 2.887502283756203103e-01
6.593103928510806178e-01 3.406896071489194933e-01
2.273192771548106228e-01 7.726807228451895160e-01
6.207005708055488569e-01 3.792994291944511986e-01
2.545097702909401294e-01 7.454902297090597596e-01
2.973664662005873760e-01 7.026335337994124020e-01
4.160974198781057232e-01 5.839025801218942213e-01
6.258451646445623018e-01 3.741548353554377537e-01
5.094959811641013303e-01 4.905040188358985032e-01
3.605605439067355311e-01 6.394394560932644689e-01
8.456574195787862624e-01 1.543425804212135710e-01
9.093453722251790827e-01 9.065462777482094503e-02
6.196403460314539036e-01 3.803596539685460964e-01
8.754288006250678933e-01 1.245711993749319957e-01
7.010896145176366279e-01 2.989103854823633166e-01
6.672503162616233441e-01 3.327496837383766559e-01
2.054286628015372096e-01 7.945713371984626239e-01
2.670461272934305241e-01 7.329538727065695314e-01
4.002375471437987775e-01 5.997624528562013335e-01
2.493512327689269004e-01 7.506487672310730996e-01
6.082724923464439826e-01 3.917275076535559064e-01
8.431874514290967904e-01 1.568125485709030154e-01
8.172353595958788963e-01 1.827646404041208261e-01
9.313650331175784558e-01 6.863496688242159971e-02
2.490952787815509384e-01 7.509047212184489783e-01
7.937362926278827002e-01 2.062637073721175218e-01
7.010888121885626711e-01 2.989111878114374954e-01
8.399981182784134193e-01 1.600018817215866085e-01
4.084130307654752767e-02 9.591586969234523474e-01
3.016473883477026607e-01 6.983526116522973393e-01
1.914199907103170395e-01 8.085800092896828772e-01
8.856068796133783616e-01 1.143931203866216939e-01
8.379233032044873797e-01 1.620766967955126203e-01
6.608050558504674488e-01 3.391949441495325512e-01
3.921642821186512862e-01 6.078357178813487138e-01
1.711662141757181732e-01 8.288337858242820211e-01
8.398877795661953138e-01 1.601122204338045196e-01
2.164932260669203967e-01 7.835067739330796588e-01
7.507523112693872958e-02 9.249247688730611872e-01
3.423472999249928955e-02 9.657652700075008978e-01
6.516076843667387708e-01 3.483923156332611737e-01
2.322941652281520220e-01 7.677058347718481723e-01
4.824535667121169769e-01 5.175464332878830787e-01
7.071790507551050098e-01 2.928209492448948792e-01
5.552224845234698947e-01 4.447775154765301608e-01
2.471744566362721329e-01 7.528255433637279781e-01
6.422032608818017962e-01 3.577967391181982593e-01
5.941279724125945183e-01 4.058720275874054817e-01
5.919466904304258037e-01 4.080533095695740853e-01
8.239345267520354898e-01 1.760654732479642881e-01
1.746043979950432368e-01 8.253956020049567632e-01
4.293417899174495345e-01 5.706582100825503545e-01
3.537990591927022699e-01 6.462009408072976191e-01
7.158799994435305347e-01 2.841200005564694098e-01
2.371931020726967265e-01 7.628068979273033845e-01
7.527873116822278998e-01 2.472126883177720724e-01
4.111772588108236204e-01 5.888227411891764351e-01
4.457718325522598835e-01 5.542281674477400610e-01
8.157086885675502996e-01 1.842913114324497559e-01
8.385388923416386975e-01 1.614611076583614135e-01
9.057760404468040427e-01 9.422395955319595728e-02
8.704743327595366731e-01 1.295256672404633269e-01
2.399567269073730469e-01 7.600432730926269809e-01
4.805093415788461719e-01 5.194906584211538281e-01
8.328682804953863039e-01 1.671317195046137238e-01
6.932856425996474226e-01 3.067143574003529105e-01
3.056166235199988535e-01 6.943833764800011465e-01
6.245586905053190918e-01 3.754413094946808527e-01
7.436932300815660701e-01 2.563067699184335968e-01
7.078767310562550374e-01 2.921232689437446295e-01
8.417327399566392199e-01 1.582672600433605026e-01
8.949283467392391556e-01 1.050716532607608722e-01
8.392690636767496937e-01 1.607309363232504729e-01
1.051854058516201867e-01 8.948145941483796051e-01
1.478915047769974456e-01 8.521084952230024712e-01
5.000000000000000000e-01 5.000000000000000000e-01
2.791002404741226850e-01 7.208997595258773705e-01
6.810654612192305057e-01 3.189345387807694943e-01
6.128628650834176961e-01 3.871371349165824705e-01
6.396726669319240388e-01 3.603273330680760167e-01
6.094529753733429756e-01 3.905470246266570244e-01
4.394596863465988767e-01 5.605403136534010677e-01
7.341421769353072557e-01 2.658578230646927443e-01
5.158327252513391636e-01 4.841672747486607808e-01
6.313007679492023128e-01 3.686992320507977428e-01
8.483745781033146249e-01 1.516254218966854028e-01
5.389462012379587774e-01 4.610537987620411671e-01
3.547844766395510940e-01 6.452155233604487394e-01
7.169886324736753913e-01 2.830113675263246642e-01
6.407253708980389373e-01 3.592746291019611182e-01
4.782678692843813084e-01 5.217321307156187471e-01
8.000274344423329298e-01 1.999725655576669869e-01
8.041141029467320234e-01 1.958858970532677268e-01
7.450462097986922938e-01 2.549537902013077062e-01
6.898087870494775675e-01 3.101912129505222659e-01
4.247112731193241064e-01 5.752887268806757826e-01
7.583252960312036883e-01 2.416747039687963672e-01
1.085516255414225306e-01 8.914483744585773861e-01
7.569833334549314063e-01 2.430166665450688157e-01
6.412618071801854391e-01 3.587381928198146719e-01
8.523790662105117377e-01 1.476209337894882345e-01
6.501316541410638861e-01 3.498683458589360584e-01
6.616552615969419904e-01 3.383447384030578986e-01
6.294491621311917307e-01 3.705508378688081028e-01
7.881535346366134176e-01 2.118464653633866657e-01
2.765664767823109993e-01 7.234335232176892783e-01
1.780971667472052711e-01 8.219028332527946734e-01
7.088205720726907799e-01 2.911794279273093311e-01
2.866715785376153236e-01 7.133284214623849540e-01
5.277641362806000380e-01 4.722358637194001285e-01
2.996048736831930515e-01 7.003951263168071151e-01
7.655179153634977807e-01 2.344820846365021916e-01
2.846217985192205924e-01 7.153782014807793521e-01
2.258868299156390480e-01 7.741131700843608687e-01
8.957500745445573509e-01 1.042499254554427462e-01
7.913520415125073759e-01 2.086479584874927351e-01
2.738911174253146896e-01 7.261088825746853104e-01
5.053322016808532435e-01 4.946677983191468120e-01
4.873202409946502112e-01 5.126797590053497888e-01
8.856599793943132903e-01 1.143400206056866819e-01
7.549752968300662559e-01 2.450247031699336331e-01
8.540087319883864492e-01 1.459912680116133010e-01
2.934614758733593565e-01 7.065385241266408656e-01
4.670367794016280216e-01 5.329632205983720894e-01
7.796581577919471373e-01 2.203418422080529182e-01
1.658236075889864963e-02 9.834176392411014822e-01
8.945544810446186546e-01 1.054455189553814148e-01
3.525548999018784380e-01 6.474451000981215065e-01
1.324497906933690961e-01 8.675502093066308484e-01
6.468569055110093835e-01 3.531430944889907275e-01
5.662113306915608213e-01 4.337886693084392342e-01
1.181437498617730619e-01 8.818562501382267715e-01
7.303670715382434286e-01 2.696329284617566269e-01
8.296521001256604855e-01 1.703478998743395700e-01
8.338863221637147216e-01 1.661136778362850008e-01
4.374111766914166588e-01 5.625888233085831747e-01
8.805998848251830324e-01 1.194001151748167594e-01
5.250645280058363618e-01 4.749354719941638048e-01
3.655927172202657616e-01 6.344072827797343495e-01
6.937957324919779012e-01 3.062042675080219878e-01
6.848493574331934175e-01 3.151506425668066935e-01
7.594487582296027828e-01 2.405512417703972172e-01
7.813880952110474620e-01 2.186119047889524269e-01
1.383512572002133512e-01 8.616487427997866488e-01
8.934654820945988618e-01 1.065345179054013325e-01
4.869287893533625899e-01 5.130712106466375211e-01
2.469456366654174950e-01 7.530543633345824217e-01
7.879912534480105757e-01 2.120087465519895353e-01
5.639613424751528381e-01 4.360386575248470509e-01
6.246284157048859198e-01 3.753715842951140247e-01
7.575341019108196017e-01 2.424658980891803983e-01
6.376788586926016578e-01 3.623211413073981757e-01
3.539271522378788504e-01 6.460728477621211496e-01
6.906485589038530160e-02 9.309351441096146429e-01
3.365164775404533293e-01 6.634835224595467817e-01
9.279682372240698474e-01 7.203176277593006938e-02
6.947832097575897814e-01 3.052167902424102741e-01
4.071050195660800841e-01 5.928949804339198604e-01
3.416038715533984971e-01 6.583961284466016695e-01
1.239789738212343367e-01 8.760210261787657604e-01
7.298717212176665248e-01 2.701282787823337528e-01
8.238142211855904451e-01 1.761857788144096659e-01
2.524626303477084943e-01 7.475373696522912281e-01
8.646476270514474871e-01 1.353523729485522353e-01
2.476878356474677967e-01 7.523121643525323421e-01
6.686643605886791741e-01 3.313356394113208259e-01
7.985933371775350009e-01 2.014066628224651656e-01
8.436107594544737243e-01 1.563892405455259149e-01
4.906696019851112256e-01 5.093303980148886634e-01
9.013307199191994412e-01 9.866928008080060042e-02
2.068467303043073080e-01 7.931532696956927753e-01
6.657063981393188667e-01 3.342936018606810777e-01
7.364574052374801560e-01 2.635425947625198995e-01
2.089675258190810403e-01 7.910324741809187099e-01
6.435663542052408870e-01 3.564336457947590575e-01
4.537943595855516987e-01 5.462056404144483013e-01
8.601195718520602274e-01 1.398804281479399114e-01
2.069771707778325642e-01 7.930228292221673803e-01
3.883632119232316438e-02 9.611636788076768356e-01
4.617216605820833597e-01 5.382783394179164738e-01
7.449042372774700160e-01 2.550957627225298174e-01
7.170098480429708543e-01 2.829901519570289792e-01
7.522424630056502304e-01 2.477575369943497974e-01
9.173972119090145760e-01 8.260278809098541009e-02
7.470853132928467755e-01 2.529146867071532245e-01
8.746130297982244173e-01 1.253869702017756937e-01
6.479658705491366799e-01 3.520341294508633201e-01
1.225389427628521821e-01 8.774610572371479567e-01
4.293717556726937556e-01 5.706282443273061888e-01
3.872782844217422249e-01 6.127217155782577196e-01
5.252327311516918895e-01 4.747672688483081660e-01
5.427819226920882478e-01 4.572180773079118632e-01
4.239532035072130500e-01 5.760467964927872275e-01
7.699186456273708901e-01 2.300813543726292487e-01
3.209772505839644241e-01 6.790227494160355759e-01
6.928754711956881529e-01 3.071245288043117361e-01
5.337876707185520431e-01 4.662123292814479569e-01
3.409831071395279523e-01 6.590168928604719367e-01
9.068540797386294150e-01 9.314592026137073766e-02
5.000000000000000000e-01 5.000000000000000000e-01
2.811049332470977324e-01 7.188950667529020455e-01
2.923359099836939090e-01 7.076640900163060355e-01
7.233920245023195417e-01 2.766079754976804583e-01
3.277093701415211280e-01 6.722906298584787610e-01
4.092122022067599257e-02 9.590787797793239866e-01
7.166775755434691142e-01 2.833224244565309968e-01
5.915870314172557709e-01 4.084129685827442846e-01
6.852367304884625643e-01 3.147632695115373802e-01
9.160708021152302871e-01 8.392919788476975451e-02
9.949975880226442915e-02 9.005002411977355292e-01
8.429087659174299141e-01 1.570912340825701137e-01
9.095196954276636436e-01 9.048030457233650903e-02
7.999247950165092602e-01 2.000752049834906565e-01
8.506336467184656414e-01 1.493663532815344974e-01
3.856112599562264154e-01 6.143887400437735291e-01
8.880506006918451600e-01 1.119493993081549094e-01
4.703031382703238839e-01 5.296968617296763382e-01
3.426998003721300479e-01 6.573001996278698966e-01
7.534596727034184593e-02 9.246540327296580708e-01
2.117227600441344282e-01 7.882772399558656273e-01
7.195938463505695548e-01 2.804061536494305562e-01
9.010645783702754263e-01 9.893542162972460141e-02
7.192632009612457411e-01 2.807367990387542034e-01
3.995784871063111643e-01 6.004215128936889467e-01
5.138271533305449612e-01 4.861728466694550943e-01
8.527675971095884933e-01 1.472324028904113680e-01
3.759805139503060722e-01 6.240194860496939278e-01
8.133276248046312773e-01 1.866723751953688615e-01
3.220354249087574172e-01 6.779645750912429714e-01
6.360119149332631450e-01 3.639880850667367440e-01
6.412972173477360371e-01 3.587027826522639629e-01
3.288601432595464891e-01 6.711398567404533999e-01
1.405814293980954255e-01 8.594185706019042970e-01
3.083413742348649622e-01 6.916586257651350378e-01
8.451750001643826282e-01 1.548249998356172885e-01
5.984234363837896975e-01 4.015765636162103580e-01
7.487733008553008052e-01 2.512266991446992503e-01
2.094638664990485510e-01 7.905361335009513102e-01
8.380673588506064586e-01 1.619326411493934303e-01
8.363655426865539422e-01 1.636344573134461966e-01
1.925875216863006112e-01 8.074124783136994443e-01
7.574458855028112225e-01 2.425541144971889718e-01
3.624731876697145916e-01 6.375268123302854084e-01
6.504395183296075578e-01 3.495604816703923867e-01
6.607608515636370639e-02 9.339239148436363491e-01
6.482195873452912815e-01 3.517804126547088850e-01
6.048601197596558121e-01 3.951398802403441324e-01
5.799071251007311689e-01 4.200928748992688866e-01
3.694947708369955008e-01 6.305052291630045547e-01
3.629053215837104718e-01 6.370946784162895282e-01
2.533668335101501023e-01 7.466331664898500087e-01
8.507960404983055946e-01 1.492039595016945164e-01
7.600897827360476589e-01 2.399102172639521746e-01
7.966122125452929081e-01 2.033877874547069808e-01
8.100770942491284377e-01 1.899229057508717566e-01
7.091398061129419172e-01 2.908601938870579717e-01
7.098651986059193453e-01 2.901348013940806547e-01
4.563293734011106273e-01 5.436706265988892062e-01
4.018951654530476536e-01 5.981048345469521799e-01
4.842840480648021306e-01 5.157159519351978139e-01
5.711093256505384019e-01 4.288906743494615981e-01
2.468348674207158366e-01 7.531651325792840801e-01
2.951093390934210192e-01 7.048906609065790363e-01
8.846583877607357149e-02 9.115341612239263869e-01
4.397799439522520060e-01 5.602200560477479385e-01
5.648622560182720020e-01 4.351377439817280535e-01
5.997183343809957545e-01 4.002816656190043010e-01
8.337582711503876975e-01 1.662417288496124690e-01
1.982703008436399184e-01 8.017296991563599429e-01
8.357049685922277593e-01 1.642950314077723517e-01
6.795657730979911548e-01 3.204342269020088452e-01
7.891887284272156022e-02 9.210811271572784120e-01
3.669744641764433601e-01 6.330255358235564733e-01
1.455264608261062353e-01 8.544735391738936814e-01
1.111086754047281716e-01 8.888913245952717590e-01
8.444627636725473563e-01 1.555372363274526160e-01
7.141190120419418363e-01 2.858809879580580526e-01
6.293443846612514214e-01 3.706556153387485786e-01
4.500168357029347699e-01 5.499831642970653967e-01
9.137378465621870394e-01 8.626215343781293288e-02
8.426649981067240169e-01 1.573350018932759831e-01
6.934247336516680127e-01 3.065752663483318208e-01
6.242968159019804952e-01 3.757031840980194493e-01
7.630950685741374473e-01 2.369049314258626915e-01
1.208026803724128601e-01 8.791973196275871816e-01
7.312444468468062286e-01 2.687555531531938269e-01
3.353099407593155834e-01 6.646900592406844721e-01
3.390515081577068490e-01 6.609484918422929844e-01
6.449821918907049367e-01 3.550178081092951743e-01
5.298265578419403266e-01 4.701734421580596734e-01
2.703311221842372714e-01 7.296688778157625066e-01
5.739832413581954507e-01 4.260167586418046048e-01
4.086759479312280785e-01 5.913240520687719215e-01
8.073906585402144120e-01 1.926093414597857267e-01
6.262674017740152976e-01 3.737325982259845913e-01
7.416520877322761995e-01 2.583479122677238005e-01
8.959626161055253002e-01 1.040373838944746582e-01
5.403662438039434912e-01 4.596337561960565643e-01
4.001872536700775140e-01 5.998127463299224305e-01
5.093550825927946057e-01 4.906449174072052277e-01
3.205025195809799721e-01 6.794974804190201390e-01
5.825850375382383151e-01 4.174149624617618515e-01
9.575230217861977478e-01 4.247697821380214123e-02
5.724101499169642615e-01 4.275898500830356830e-01
6.535729834601969879e-01 3.464270165398029566e-01
6.462533985997870323e-01 3.537466014002129122e-01
6.522913766875798602e-01 3.477086233124201398e-01
3.805382687543663045e-01 6.194617312456335290e-01
8.484547554784059864e-01 1.515452445215939858e-01
5.643665386375773529e-01 4.356334613624227026e-01
6.958530484983362907e-01 3.041469515016638758e-01
3.916952034576661190e-01 6.083047965423338255e-01
8.979974817551535926e-01 1.020025182448464629e-01
7.554231075240999127e-01 2.445768924759000595e-01
2.075458512898885333e-01 7.924541487101114390e-01
7.182370746498869529e-01 2.817629253501131026e-01
5.552584000968647793e-01 4.447415999031351652e-01
1.958211769598187657e-01 8.041788230401811788e-01
4.764167871465704168e-02 9.523583212853429236e-01
3.765395829098379665e-01 6.234604170901619780e-01
8.581104304419605588e-01 1.418895695580396910e-01
2.584059417629847588e-01 7.415940582370152967e-01
5.928192525787040479e-01 4.071807474212958411e-01
4.153505637739646206e-01 5.846494362260354904e-01
1.596532938913362565e-01 8.403467061086636880e-01
7.512526576278963919e-01 2.487473423721035803e-01
1.964313101140572615e-01 8.035686898859428773e-01
7.978794526713056667e-01 2.021205473286943610e-01
2.135155181693815241e-02 9.786484481830617366e-01
8.751628257443601067e-01 1.248371742556399072e-01
3.554605648591503964e-01 6.445394351408496592e-01
8.851061526361769793e-01 1.148938473638231178e-01
7.087855952746305865e-01 2.912144047253691914e-01
9.135716727009128846e-01 8.642832729908693501e-02
4.388872575343672477e-01 5.611127424656325857e-01
6.359962347525944804e-01 3.640037652474055752e-01
5.902347266058681763e-01 4.097652733941318792e-01
2.174817728696411823e-01 7.825182271303589010e-01
4.646029818515742260e-01 5.353970181484257740e-01
6.417724917020253272e-01 3.582275082979745617e-01
6.873834520293932160e-01 3.126165479706066175e-01
5.269733098996036702e-01 4.730266901003963853e-01
2.347780882139873515e-01 7.652219117860126207e-01
5.933017527588841933e-01 4.066982472411158067e-01
6.235893214422756348e-01 3.764106785577244207e-01
7.432203370437245882e-01 2.567796629562753563e-01
8.374931698166215854e-01 1.625068301833782758e-01
7.231442821770130980e-01 2.768557178229871241e-01
7.028100598820788969e-01 2.971899401179211031e-01
7.471194164280771099e-01 2.528805835719230011e-01
7.990965327559107489e-01 2.009034672440893898e-01
1.722234027890915953e-01 8.277765972109083492e-01
4.918121747333554228e-01 5.081878252666444107e-01
6.024870296056238361e-01 3.975129703943761639e-01
6.436680294861120144e-01 3.563319705138879301e-01
2.806666903255226053e-01 7.193333096744772837e-01
6.814548221445070331e-01 3.185451778554930780e-01
7.836170350053385247e-01 2.163829649946612255e-01
4.271513612672752647e-01 5.728486387327248464e-01
7.691498531266877103e-01 2.308501468733122064e-01
6.063722205369899143e-01 3.936277794630100302e-01
7.192902026816381245e-01 2.807097973183618200e-01
5.151072635115180320e-01 4.848927364884818569e-01
6.282009671085174718e-01 3.717990328914824727e-01
1.528965201759584225e-01 8.471034798240414387e-01
9.304235339087654211e-01 6.957646609123453729e-02
6.330375141515915960e-01 3.669624858484085150e-01
8.007441272533912802e-01 1.992558727466087753e-01
5.272300712632305153e-01 4.727699287367694292e-01
8.144614724791096050e-01 1.855385275208905060e-01
4.103294918862294693e-01 5.896705081137706417e-01
3.335760194875329043e-01 6.664239805124672067e-01
4.729511206853192484e-01 5.270488793146805850e-01
4.706350497072837036e-01 5.293649502927162409e-01
8.071797384183342361e-01 1.928202615816657362e-01
1.916947754550519523e-01 8.083052245449480200e-01
8.941378310118961448e-01 1.058621689881037997e-01
2.002854107911240800e-01 7.997145892088758368e-01
3.122722442387361186e-01 6.877277557612642145e-01
6.637200352654929469e-01 3.362799647345069975e-01
1.185696968508219984e-01 8.814303031491780294e-01
8.892666585764812393e-01 1.107333414235188579e-01
7.387800459877951198e-01 2.612199540122049912e-01
5.895694499356576301e-01 4.104305500643424254e-01
2.650532053633599117e-01 7.349467946366402549e-01
2.033880885143280470e-01 7.966119114856721195e-01
2.802396041105288949e-01 7.197603958894710496e-01
2.396539238326629850e-01 7.603460761673370705e-01
7.632716948234625765e-01 2.367283051765374791e-01
2.350431215865979306e-01 7.649568784134020971e-01
4.125538509576359147e-01 5.874461490423640297e-01
5.602387486609055056e-01 4.397612513390944389e-01
6.699069642833282989e-01 3.300930357166715901e-01
2.039524274221159728e-01 7.960475725778839440e-01
2.806408039700516444e-01 7.193591960299484667e-01
4.402354757376634176e-01 5.597645242623366935e-01
6.842247394219553858e-01 3.157752605780447253e-01
6.173510745528751897e-01 3.826489254471249213e-01
7.872533498070154456e-01 2.127466501929846932e-01
7.172802629093937288e-01 2.827197370906063822e-01
1.607790150436529120e-01 8.392209849563471158e-01
6.381338797822587727e-01 3.618661202177413383e-01
6.483610282342476827e-01 3.516389717657522063e-01
6.389304066046701536e-01 3.610695933953297354e-01
4.923207825305583873e-01 5.076792174694414461e-01
1.062042516540258330e-01 8.937957483459741947e-01
2.361031518004323426e-01 7.638968481995676019e-01
7.603470773914775549e-01 2.396529226085223341e-01
8.689771303185318541e-01 1.310228696814683957e-01
1.192096660647842810e-01 8.807903339352156635e-01
6.544764642783283959e-01 3.455235357216716041e-01
2.517573064664075377e-01 7.482426935335926288e-01
1.303136427463050528e-01 8.696863572536949194e-01
6.575446175970337537e-01 3.424553824029661353e-01
8.839648882315348510e-02 9.116035111768465704e-01
8.685111283932365200e-01 1.314888716067633689e-01
1.344744127791145383e-01 8.655255872208855727e-01
7.933395152528266436e-01 2.066604847471733009e-01
4.774053855912835931e-01 5.225946144087163514e-01
6.425534610845022865e-01 3.574465389154976580e-01
5.272512274401712773e-01 4.727487725598287782e-01
2.051219549151439281e-01 7.948780450848560442e-01
8.676936294637793701e-01 1.323063705362205744e-01
3.361137496149725346e-01 6.638862503850273544e-01
4.127846552346699505e-01 5.872153447653299940e-01
2.612631197938403149e-01 7.387368802061595741e-01
5.269022223801137494e-01 4.730977776198860285e-01
6.490096256523069096e-01 3.509903743476929794e-01
5.982783304546167996e-02 9.401721669545383131e-01
9.476141510064749474e-01 5.238584899352505264e-02
5.470592445879730592e-01 4.529407554120268298e-01
5.669961742084954626e-01 4.330038257915045374e-01
9.166462050551175134e-01 8.335379494488280583e-02
4.861801877920100545e-01 5.138198122079900010e-01
1.010440946556361019e-01 8.989559053443640924e-01
3.511007513978932071e-01 6.488992486021067929e-01
5.414457242384559388e-01 4.585542757615440612e-01
8.529049353581551474e-01 1.470950646418448526e-01
8.223107888338977434e-01 1.776892111661021456e-01
8.628014369802466943e-01 1.371985630197532224e-01
3.965068586880569068e-01 6.034931413119432042e-01
7.240057604510977685e-01 2.759942395489021205e-01
8.445702408745078271e-01 1.554297591254920619e-01
2.642884313941930574e-01 7.357115686058068871e-01
8.686912861462621205e-01 1.313087138537379350e-01
7.912029491571462847e-01 2.087970508428538818e-01
6.550610483470750145e-01 3.449389516529250410e-01
2.071983938642997236e-01 7.928016061357001654e-01
1.884730602131929611e-01 8.115269397868070111e-01
7.087057661524702734e-01 2.912942338475295601e-01
5.035595394625952403e-02 9.496440460537403094e-01
7.414224032227610950e-01 2.585775967772388495e-01
8.453513643811435552e-01 1.546486356188566391e-01
1.624531558354750660e-01 8.375468441645249618e-01
7.366541226165157497e-01 2.633458773834842503e-01
1.470544487711821224e-01 8.529455512288177665e-01
5.977388141940888078e-01 4.022611858059111367e-01
8.227340485361162026e-01 1.772659514638838529e-01
7.940562214299005106e-01 2.059437785700996004e-01
8.066824803631836294e-02 9.193317519636816648e-01
8.013906406688994233e-01 1.986093593311007433e-01
9.595691648061105417e-02 9.040430835193891124e-01
4.861937427916402377e-01 5.138062572083599289e-01
5.691791051487183895e-01 4.308208948512816661e-01
9.219475699347121633e-01 7.805243006528779504e-02
2.052864918919755088e-01 7.947135081080243246e-01
3.919984456934771933e-02 9.608001554306522252e-01
3.535942090411766103e-01 6.464057909588234452e-01
5.950538690165001476e-01 4.049461309834999634e-01
8.934557625486044818e-01 1.065442374513955320e-01
8.174289538839083491e-01 1.825710461160918452e-01
7.415547393468239212e-01 2.584452606531759677e-01
4.314631207535099544e-01 5.685368792464899901e-01
6.700582514530718514e-01 3.299417485469280931e-01
3.145096471541003469e-01 6.854903528458996531e-01
7.682293909293461676e-01 2.317706090706538880e-01
4.118452968542328230e-01 5.881547031457673436e-01
7.743776010394268772e-01 2.256223989605730396e-01
2.736280333314960456e-01 7.263719666685038989e-01
7.931071970191059251e-01 2.068928029808941305e-01
2.421219392909003398e-02 9.757878060709102019e-01
9.119251268367551955e-01 8.807487316324488780e-02
3.278211842198781589e-01 6.721788157801219521e-01
8.044487320541857667e-01 1.955512679458143999e-01
4.695266195999158176e-01 5.304733804000842934e-01
4.271976930390976035e-01 5.728023069609023965e-01
4.848766949490985190e-01 5.151233050509015365e-01
7.064805215116664039e-01 2.935194784883335406e-01
4.034142120322228853e-01 5.965857879677770592e-01
8.972214472754396208e-01 1.027785527245604069e-01
7.593794579440248382e-01 2.406205420559751063e-01
7.198651766000473406e-01 2.801348233999523263e-01
1.057667238819962052e-01 8.942332761180038503e-01
8.520598105823751212e-01 1.479401894176248788e-01
7.066063205457357999e-01 2.933936794542641446e-01
2.859746859107933359e-01 7.140253140892066641e-01
7.371460912064247140e-01 2.628539087935752860e-01
3.803365406625504597e-01 6.196634593374495958e-01
7.492891252168975003e-01 2.507108747831027218e-01
8.766873390749254646e-01 1.233126609250746741e-01
9.335754828872052657e-01 6.642451711279491466e-02
6.300652015346628332e-01 3.699347984653373334e-01
6.265928395664326356e-01 3.734071604335674754e-01
3.164856811300627570e-01 6.835143188699370764e-01
9.106531846329880553e-01 8.934681536701187532e-02
7.905161008828529567e-01 2.094838991171470988e-01
9.122305475008287701e-01 8.776945249917131320e-02
6.547416161252814781e-01 3.452583838747186329e-01
2.072113449624609083e-01 7.927886550375390362e-01
7.161140117413874462e-01 2.838859882586127203e-01
8.089835023508946676e-01 1.910164976491054156e-01
2.751936441073027373e-01 7.248063558926973737e-01
8.852764913429533866e-01 1.147235086570466411e-01
8.163134325034548944e-01 1.836865674965450779e-01
1.486999885324006843e-01 8.513000114675992602e-01
7.362325947422252437e-01 2.637674052577747008e-01
7.836473513087376386e-01 2.163526486912624447e-01
4.752268693023548596e-01 5.247731306976450849e-01
6.666555989511265823e-01 3.333444010488734177e-01
2.067071807151920904e-01 7.932928192848079929e-01
6.462105170254972553e-01 3.537894829745027447e-01
8.297861835971304112e-01 1.702138164028696721e-01
8.814926978066264240e-01 1.185073021933737425e-01
2.907632442106939386e-01 7.092367557893062280e-01
3.051962356576137791e-01 6.948037643423861098e-01
3.290391230718789362e-01 6.709608769281210083e-01
1.330152902236941270e-01 8.669847097763059285e-01
3.312034208768170895e-01 6.687965791231829105e-01
2.253670954977576857e-01 7.746329045022424253e-01
7.056974630125372183e-01 2.943025369874628927e-01
7.355877180232122114e-01 2.644122819767878441e-01
4.906492026447598631e-01 5.093507973552400259e-01
4.677465676799129057e-01 5.322534323200871498e-01
7.871235647251524359e-01 2.128764352748475364e-01
3.522320675100139020e-01 6.477679324899860980e-01
8.490671048409941246e-01 1.509328951590059587e-01
2.626156473322386886e-01 7.373843526677611449e-01
1.157923083373505885e-01 8.842076916626493421e-01
6.205540071655425427e-01 3.794459928344574573e-01
8.056364524627090962e-01 1.943635475372907095e-01
3.530783007067591073e-01 6.469216992932411703e-01
8.857677302753392823e-01 1.142322697246609398e-01
7.534734143834665998e-01 2.465265856165334835e-01
1.841376017085355199e-01 8.158623982914643413e-01
4.016445708742225618e-01 5.983554291257773272e-01
1.368454655678782439e-01 8.631545344321216451e-01
3.486452211777501531e-01 6.513547788222499024e-01
4.210443845407087493e-01 5.789556154592911952e-01
3.393523202290744112e-01 6.606476797709254223e-01
7.464150542411216449e-01 2.535849457588783551e-01
5.233274823326700131e-01 4.766725176673299869e-01
3.522776751432695197e-01 6.477223248567305358e-01
2.531533171551463846e-01 7.468466828448537820e-01
6.345598044013613936e-01 3.654401955986384953e-01
9.039493048322598812e-01 9.605069516774011884e-02
6.073277654564176453e-01 3.926722345435823547e-01
8.069853099096030435e-01 1.930146900903967622e-01
3.843534931989877057e-01 6.156465068010125163e-01
1.200783057592642727e-01 8.799216942407357411e-01
8.403374598172715926e-01 1.596625401827282131e-01
6.787480367230310785e-01 3.212519632769691991e-01
6.108174852826145917e-01 3.891825147173854083e-01
8.544089857129244514e-01 1.455910142870757706e-01
4.159749339123393064e-01 5.840250660876606936e-01
7.890214108205076959e-01 2.109785891794922763e-01
2.910152456884182448e-01 7.089847543115818107e-01
3.946885349295071177e-01 6.053114650704928268e-01
6.350823479270518712e-01 3.649176520729482953e-01
2.277024348131924669e-01 7.722975651868074776e-01
7.925895130659812438e-01 2.074104869340188673e-01
6.260073181159497846e-01 3.739926818840501044e-01
2.446582038168419737e-01 7.553417961831579985e-01
1.987429558774695681e-01 8.012570441225302931e-01
3.539044204853386555e-01 6.460955795146614555e-01
6.182428517588141048e-01 3.817571482411860617e-01
8.106668625160847741e-01 1.893331374839152259e-01
1.462058734087768319e-01 8.537941265912232236e-01
8.036813903752606514e-01 1.963186096247393764e-01
4.389641166818543105e-01 5.610358833181459115e-01
6.053184568241471997e-01 3.946815431758528003e-01
5.176868772140085229e-01 4.823131227859915326e-01
6.912165724616800011e-01 3.087834275383199989e-01
7.409007151003801361e-01 2.590992848996198084e-01
7.273435748100234299e-01 2.726564251899765146e-01
6.572618847659249530e-01 3.427381152340749915e-01
